101180101
101180102
101180103
101180104
101180105
101180106
101180107
101180108
101180201
101180202
101180203
101180204
101180205
101180301
101180302
101180303
101180304
101180305
101180306
101180307
101180308
101180401
101180402
101180403
101180404
101180405
101180501
101180502
101180503
101180504
101180505
101180506
101180507
101180601
101180602
101180603
101180604
101180605
101180606
101180607
101180608
101180609
101180610
101180611
101180701
101180702
101180703
101180704
101180705
101180706
101180707
101180708
101180709
101180710
101180711
101180712
101180801
101180802
101180803
101180804
101180805
101180901
101180902
101180903
101180904
101180905
101180906
101180907
101180908
101180909
101180910
101181001
101181002
101181003
101181004
101181005
101181006
101181007
101181008
101181009
101181101
101181102
101181103
101181104
101181106
101181107
101181108
101181201
101181202
101181203
101181301
101181302
101181303
101181304
101181305
101181401
101181402
101181403
101181404
101181405
101181406
101181407
101181408
101181409
101181410
101181411
101181501
101181502
101181503
101181601
101181602
101181603
101181604
101181605
101181606
101181607
101181608
101181609
101181610
101181701
101181702
101181703
101181704
101181801